30 -29 1 -38 -40 34 2 46 -7 27 4 -42 9 -11 31 -6 2 -11 -37 11 -24
-46 -28 -15 39 6 -41 0 -25 -16 23 -21 12 38 -27 -44 35 35 27 34 8 -6
16 46 -46 -9 -8 -36 -20 -44 47 11 -21 18 -37 25 37 1 -29 39 26 -11 5
25 11 8 -36 -32 -30 14 3 -35 -8 24 -46 -47 -41 44 -9 17 3 -38 -3 -176
-47 -27 -42 23 -39 27 -13 -8 -30 -36 -21 41 -50 -6 -2 -36 50 -23 28 35 -176
46 49 -16 38 46 -39 14 -42 49 4 8 -16 13 48 -25 41 30 18 -12 -33 221
40 -36 41 -31 -37 -41 -24 18 34 22 -44 36 -16 -39 -49 -31 -18 -40 -14 46 -183
-14 10 -34 2 9 43 48 24 36 22 7 -5 10 38 -3 12 16 -47 -2 31 203
-33 -31 -7 46 -20 20 22 18 -19 -13 42 12 45 45 40 37 25 14 0 -10 233
-34 19 24 44 27 -49 1 -4 29 -44 28 -32 -48 45 -32 33 36 42 16 -46 55
-31 -12 -14 41 -15 4 -42 34 -6 -49 25 -49 -4 -20 32 -13 14 -14 -35 -42 -196
4 43 50 11 29 -6 3 -4 -45 -34 1 -35 12 47 16 -4 16 50 0 -49 105
19 -39 -39 -44 -42 28 40 -32 -23 4 -17 -11 13 -14 -44 42 17 -8 -1 20 -131
4 25 -30 40 -45 -8 -23 34 49 3 -24 40 27 31 41 -22 37 27 25 34 265
-9 -21 -16 12 -39 -45 45 -13 7 15 -38 -22 -20 -37 -14 -21 15 -11 -19 -23 -254
8 -11 36 -15 24 2 31 25 14 24 -33 30 11 -42 -11 7 28 22 -50 -40 60
11 31 -23 14 -48 -34 -43 34 30 -25 -42 1 -1 13 21 0 -13 -10 -10 43 -51
34 37 -27 19 -27 -47 -47 -29 -33 -23 -2 -40 -19 -36 21 -37 -17 49 18 22 -184
-23 -3 4 45 -1 39 19 -26 -25 -12 -42 -44 -27 8 5 22 -17 18 40 -30 -50
8 47 -7 5 -18 12 8 -2 -23 -13 -27 -35 -10 29 21 42 29 -48 -14 5 9
-32 5 23 16 26 -20 40 6 -29 -10 -26 37 -33 -41 45 -32 13 -50 41 -43 -64
-41 -48 -28 -12 9 16 -14 -37 -41 -30 -6 32 -12 18 -39 -24 31 47 -30 21 -188
-41 -37 -9 10 -34 -22 -14 -32 1 14 19 -12 -16 3 49 43 -30 -31 18 47 -74
6 16 29 23 21 29 33 -8 -13 47 -45 -7 28 -17 -42 -49 29 -14 -46 -2 18
-4 -40 -28 -11 39 1 -9 -45 9 30 37 22 -44 46 33 -8 -32 -45 45 35 31
29 -46 -27 -22 38 11 23 -39 38 14 11 6 -28 -23 -28 -34 -29 46 -7 -5 -72
-33 -10 -15 1 -25 34 -26 -44 37 -6 27 -12 15 -9 -3 32 42 46 37 -39 49
11 -5 20 -12 -12 -40 21 -7 -27 39 -18 -37 -14 29 -44 31 46 5 -19 -41 -74
32 0 -31 27 29 41 -24 -32 -5 43 33 -33 -21 -44 -29 -34 24 35 -17 50 44
0 17 36 -12 14 48 -22 -5 -50 -14 -7 -12 -47 10 44 -4 26 -39 39 -38 -16
1 27 35 19 -21 29 -45 -4 -15 -20 -8 13 -8 -23 -1 -13 -16 -49 -31 -11 -141
-36 -2 -35 -21 -31 17 -1 46 5 19 46 45 -26 -40 45 50 -6 -39 -9 -39 -12
3 -29 -29 21 11 -50 -13 -6 9 -20 29 -29 21 -39 -35 -50 31 -5 -12 -10 -202
-28 12 43 5 -30 -49 28 -42 -5 -21 -4 46 -11 -15 -8 -18 -10 17 -39 12 -117
25 46 -39 9 13 22 -24 -46 -45 -10 4 29 -24 -1 -12 37 -47 46 15 -49 -51
26 -13 17 -5 37 -23 7 40 -34 47 22 34 40 15 -6 -36 11 -3 -6 -32 138
41 -40 -43 -49 -28 33 -47 -12 -17 -43 41 -11 -34 34 12 -4 -50 -38 16 30 -209
10 -30 -45 11 40 -19 -43 -22 -29 27 -16 -24 24 44 24 27 16 -4 -31 -16 -56
-26 15 -37 39 -34 -26 43 -33 -27 -7 -4 1 -50 -3 47 24 50 -24 -37 29 -60
12 -33 -29 2 -47 -8 -1 7 -34 36 -22 -11 -8 -30 4 47 -48 -2 39 -30 -156
16 21 -22 6 35 39 -45 -17 6 -26 -42 -39 -5 -48 -8 46 3 -27 -14 22 -99
-14 32 -49 -26 14 49 49 25 27 42 -42 26 -16 39 -33 10 40 -44 -6 -27 96
27 34 36 -15 -9 22 -45 -38 41 33 -48 -4 -16 12 -40 36 42 -17 -13 -18 20
-22 -11 48 27 -7 -8 20 -19 6 -11 5 -9 -46 38 -28 5 -35 5 -31 -46 -119
-13 -12 -15 -24 -28 -50 46 4 -42 50 -9 -39 0 -29 47 -3 -14 12 -18 -41 -178
17 49 16 -20 14 26 46 33 -5 -21 27 -4 -39 -30 36 -10 -35 15 6 -9 112
-15 21 -22 -13 -12 -31 30 -11 28 41 -31 -39 19 -32 -34 -14 8 -24 2 -39 -168
-18 -31 -36 -39 -10 -12 50 -42 -19 32 12 46 43 -45 48 -39 -14 39 9 -42 -68
37 47 -45 -45 45 -14 -45 -17 -46 23 48 -38 -21 -10 45 -16 -2 -44 -24 27 -95
-16 -7 3 -2 -45 21 -11 -30 7 11 43 17 -30 10 -48 19 3 -14 39 33 3
-48 -30 -31 32 39 7 45 -43 -38 37 31 32 42 21 19 -47 -37 -31 41 35 76
31 -19 -30 -21 41 -17 6 36 21 46 -47 25 36 5 -12 15 4 -28 45 -26 111
-46 25 35 -22 -19 -42 15 -39 -26 9 -37 11 -22 -36 35 33 -19 -3 -1 2 -147
-46 -12 40 -17 10 -31 -38 26 -23 46 3 44 17 21 44 22 -26 -4 -28 -42 6
-12 30 -32 -20 -8 -38 -9 8 -18 -2 6 -39 -50 -15 -48 -43 46 -12 10 -31 -277
-34 -24 -15 33 -30 28 -50 40 -15 -14 29 -19 17 -22 -43 17 -16 -29 -36 -49 -232
41 1 49 39 -42 -2 -44 44 -33 -46 -40 33 -21 4 22 -45 5 16 -5 -9 -33
-6 15 37 -2 13 39 11 -24 -40 -23 -5 -45 -48 -11 16 26 31 39 49 10 82
40 21 48 38 28 -26 3 8 -8 41 -15 -31 -19 3 7 20 -6 -47 -41 -21 43
26 27 -21 41 -36 -26 -40 -35 -34 -38 22 25 -9 18 -4 -26 -42 -33 -10 -36 -231
41 -34 46 -36 -23 -12 -24 -39 -41 -10 25 -47 -8 -13 -15 15 35 -23 9 35 -119
-33 -38 -15 3 -8 5 12 -18 44 8 1 25 15 -27 23 -26 -44 42 -19 7 -43
-8 29 -6 -50 15 2 37 -41 47 4 30 24 -5 -9 -38 31 -34 -4 48 -18 54
-8 -17 -21 -8 17 -21 -44 49 -4 28 44 44 -16 32 -27 47 22 -11 -14 -45 47
21 16 35 26 -42 36 3 -47 -41 34 -7 17 15 4 -30 -16 30 2 24 15 95
36 -43 28 -39 -34 17 -8 -34 -36 -40 -15 -13 47 -44 30 49 10 30 13 17 -29
-27 -18 -41 24 27 -6 -8 9 6 -46 -11 26 15 2 -30 19 -50 44 -29 0 -94
-37 -13 1 10 -5 25 -12 -40 -36 13 0 -17 17 23 34 18 -1 -41 -28 0 -89
-24 -8 -29 -16 8 -46 21 -32 -40 24 -34 35 -13 32 -17 26 3 -40 44 27 -79
-17 2 1 2 -1 15 -46 42 -47 -38 -2 -6 -44 -46 -50 1 -39 11 42 41 -179
-42 42 -17 35 7 34 -32 6 49 3 8 -25 28 31 18 8 20 -37 25 -15 146
-46 46 28 31 14 6 27 -2 -45 31 23 48 29 -39 5 -10 41 8 22 12 229
-26 -17 44 49 10 -46 3 25 -50 27 22 4 -27 14 -12 -38 27 24 11 -42 2
43 35 0 -18 -17 -37 -35 38 9 -10 -23 -23 -36 25 34 33 -46 -12 44 49 53
43 16 20 -6 -20 4 -48 -12 25 11 -26 7 9 -24 -22 -16 -42 -20 33 43 -25
37 -24 -29 36 -46 -45 -32 43 -24 -3 17 -38 -27 15 -17 -15 9 13 33 -8 -105
-34 -18 23 46 1 -27 32 -48 -31 -1 -47 -12 5 -3 9 -7 35 -10 15 -29 -101
-4 -23 28 -22 -2 -27 -46 2 37 18 41 33 -43 37 -14 -30 -35 3 -6 -14 -67
-41 50 24 -32 -12 -14 -33 -12 -40 41 35 3 35 32 -50 -46 -12 -31 -17 22 -98
32 -1 -9 -3 3 -27 1 46 42 49 -33 13 37 0 33 -15 -37 -29 24 -12 114
0 -26 -20 50 -40 -3 -41 6 6 -8 -16 29 -22 -29 37 32 49 -18 36 40 62
-15 -42 13 -50 7 19 48 35 -36 24 -19 18 16 28 -5 13 1 -31 -43 20 1
-18 16 -11 -12 7 22 -24 -31 18 -41 -4 20 -5 8 5 30 42 12 40 -6 68
19 -48 46 46 -5 20 -9 8 -13 26 47 17 -25 24 -3 -14 -49 50 -22 -25 90
4 -21 -19 -27 21 -4 44 -16 24 0 49 -25 10 -18 -9 2 -7 25 -48 9 -6
40 -44 1 -44 22 15 -44 -50 49 23 -20 11 38 29 -20 -4 -32 28 -25 19 -8
47 -28 18 15 28 -42 21 43 3 1 19 -38 -5 -24 7 19 -16 -31 -6 -4 27
25 -9 -22 45 5 -21 21 22 -10 -49 -29 29 43 44 -18 44 49 -11 -20 0 138
30 19 2 33 24 16 23 25 49 -20 41 -47 -21 6 -17 -44 0 14 -39 22 116
45 -33 -38 36 -48 42 0 13 25 -27 31 49 -28 18 26 39 -31 27 7 42 195
29 23 -36 -44 46 -31 -25 -14 13 -28 -43 2 -10 50 4 49 -28 19 -8 -28 -60
40 -46 -29 -7 42 20 -40 20 6 37 44 37 -27 28 -2 -37 14 14 35 20 169
31 -12 -46 -7 -11 -8 -46 -49 -21 0 -12 46 -20 -30 36 -45 31 46 -17 -47 -181
-30 -9 -24 -6 1 -47 7 -43 24 -20 14 -31 9 -46 -24 6 -50 -35 41 -16 -279
-12 -25 35 29 -7 4 -8 26 11 14 -20 -2 -42 43 -40 -2 -48 27 -48 -31 -96
-26 -4 -10 37 25 30 -47 46 30 3 49 -24 -18 -50 -41 21 28 -11 -42 31 27
25 -17 -2 -10 -3 34 -33 5 -4 44 -44 42 8 -4 44 -4 40 -43 -5 -49 24
-2 13 -10 -14 14 25 11 -10 -33 -10 21 -21 -48 10 -36 17 -11 24 37 -40 -63
37 26 35 -20 18 48 11 -35 -4 37 -12 33 -27 23 21 29 27 -13 1 39 274
24 -9 48 -33 -16 5 -3 21 12 -20 11 -18 -8 -37 24 44 10 12 11 35 113
