29 26 -35 -32 -16 -2 -34 17 10 32 -10 -44 32 -35 40 -34 20 22 -26 49 9
-10 6 -43 30 -21 -46 -40 -24 -30 47 16 47 29 5 -4 1 42 -30 -25 10 -40
-39 24 44 14 22 34 -15 -19 -14 9 -12 -22 32 40 44 41 -34 -19 -33 25 122
-9 -10 -43 49 26 -23 -8 -5 29 -12 -7 16 26 -22 30 42 -8 -2 35 -16 88
-6 -30 -26 -25 -12 19 -10 -17 -26 16 -36 -32 27 24 -17 -5 35 10 -17 15 -113
-13 1 -10 15 -32 -43 -40 -34 49 -20 16 -26 47 -42 45 -24 -42 34 15 4 -100
24 -30 -19 -48 -8 18 33 7 8 -17 47 15 -2 -27 10 -50 13 -34 13 -16 -63
-4 1 -6 48 31 -28 11 21 -33 2 -49 -42 -36 4 -46 39 -16 12 -13 -18 -122
20 28 20 -12 17 -40 -26 18 31 -40 -33 -24 2 32 37 34 -33 14 -34 -14 -3
-14 -6 -11 21 -24 -24 24 1 -7 41 24 40 -18 18 18 15 -13 31 21 -12 125
-29 8 11 -47 47 12 6 -2 -42 1 7 -17 45 -12 12 -23 38 -4 -50 14 -25
34 48 49 3 32 32 5 17 -18 -10 -2 -2 -32 -33 5 25 -46 -50 48 9 114
-13 30 19 -39 -12 -26 47 27 -9 31 13 37 -46 -40 48 -38 -48 -38 5 -42 -94
5 -31 -17 19 -11 3 -26 43 -34 -9 21 6 -29 -35 -49 -30 -38 11 18 -16 -199
-40 -49 -21 -16 33 44 -34 -15 -47 40 -24 -24 -42 24 32 42 -17 36 34 -28 -72
38 5 25 29 -34 -34 29 32 30 -6 -41 -23 -24 -40 -46 31 -11 18 -28 17 -33
-33 50 12 -24 49 -23 -42 9 -22 34 -12 7 14 32 -16 -45 -48 -6 25 -21 -60
-4 45 -36 46 -22 -8 4 -25 17 -49 50 10 34 -18 21 21 -4 48 -10 -17 103
40 12 50 42 23 46 8 -46 45 10 -40 -38 40 -36 7 48 0 11 24 -37 209
-45 16 17 8 1 -26 -7 -13 25 -36 5 48 13 -12 -40 -3 -31 -7 4 -25 -108
39 -18 -40 -14 -16 -32 30 -37 0 32 7 -21 1 -15 -5 20 13 -35 -38 -32 -161
-29 -4 11 23 38 -4 14 38 0 -46 -25 -43 25 23 -17 28 26 -38 -40 8 -12
28 38 3 -50 -35 -7 -11 17 34 -1 -18 23 -25 20 -30 -11 19 4 6 -31 -27
-8 -31 -33 -9 15 -41 -19 20 48 -33 10 3 -30 -7 -4 20 -37 -6 14 -49 -177
39 19 13 -28 36 -46 42 -5 0 37 24 -15 39 -32 23 44 -42 -44 -37 -19 48
18 42 0 -9 27 -12 -24 15 23 41 -34 -37 -5 -26 48 3 8 40 25 -20 123
-42 -32 -12 17 49 -37 41 33 30 -22 33 14 39 -48 -49 9 44 -9 11 3 72
18 -50 -42 34 -6 -40 41 8 -37 0 -26 -12 -32 33 -17 42 30 25 30 -2 -3
-6 -38 26 8 25 -22 -46 40 5 -14 -16 -29 -5 -46 14 30 22 -24 24 -42 -94
-37 -32 -27 31 13 7 -20 8 -3 14 -4 40 -2 -33 -18 -48 -37 -20 -20 4 -184
19 48 -43 -16 1 34 -18 -40 -16 21 47 -28 -49 32 14 36 -34 32 45 -23 62
-13 18 -9 -32 25 -20 36 -38 32 27 3 1 31 -35 -2 -44 42 38 -6 -22 32
-14 44 21 -49 -39 17 -26 -14 44 -23 44 -20 -26 49 1 -29 -18 -22 20 -45 -85
-24 1 -12 -23 -36 -24 -36 -32 25 28 39 -40 -7 -50 8 -2 -14 15 42 -19 -161
-6 34 -31 7 1 30 29 41 13 -15 6 -25 -10 -36 -40 -27 26 -50 -28 -28 -109
18 16 31 -10 26 -50 -13 27 32 -28 -25 1 -24 -9 40 3 27 36 -1 -21 76
-2 -16 -32 22 -6 -40 -32 7 -46 44 5 -20 14 26 -6 -28 -33 46 15 25 -57
-37 -41 15 17 15 -14 -46 43 -3 -47 -4 -36 -4 6 -29 -47 43 1 20 -10 -158
-13 33 21 13 41 6 41 29 13 -6 -22 35 -8 31 3 22 -14 5 45 13 288
33 5 41 24 -7 38 -27 13 -41 -21 -43 -19 26 -36 -48 11 38 -13 -9 -20 -55
50 2 -42 28 -43 -24 17 29 -26 -10 3 1 -46 -30 13 -35 -21 16 33 30 -55
29 13 41 20 -49 -22 41 23 -37 35 36 -24 43 -9 -18 -25 30 -4 -7 -42 74
-15 -12 16 22 -3 -20 -29 1 -3 24 46 -28 48 45 -6 -20 -48 -27 -31 30 -10
33 17 -8 -22 42 -40 27 18 -35 18 6 -5 6 -8 -44 50 -2 -26 -23 8 12
-45 1 -33 -45 47 -1 -30 28 -29 -21 17 -48 4 5 -10 -5 30 38 -44 -46 -187
-37 -38 30 0 4 -2 -38 24 -47 34 43 27 16 38 -12 -25 -3 23 24 34 95
0 15 -6 41 -46 30 42 -17 -28 28 -1 -45 -28 6 -37 29 -3 49 46 48 123
19 48 -34 19 31 24 45 18 48 -10 13 38 12 -40 32 2 18 -1 15 -21 276
12 8 47 4 23 20 -9 14 -45 46 -32 -12 5 3 -2 40 6 -48 -33 8 55
29 -44 31 23 16 -32 -22 14 -16 -38 3 -44 45 33 21 -4 -24 41 6 39 77
